Demo2
Running Demo 2 (Mutations)

Here's an image
(0 0 4 0 6)
(8 5 5 6 5)
(0 3 6 2 1)
(5 3 6 2 5)
(2 8 9 1 3)

Here's the same image with pixel (1, 2) mutated
(0 0 4 0 6)
(8 5 5 6 5)
(0 2 6 2 1)
(5 3 6 2 5)
(2 8 9 1 3)

Here's the same image with pixel (0, 0) mutated
(5 0 4 0 6)
(8 5 5 6 5)
(0 2 6 2 1)
(5 3 6 2 5)
(2 8 9 1 3)

Here's the same image with pixel (0, 1) mutated
(5 0 4 0 6)
(7 5 5 6 5)
(0 2 6 2 1)
(5 3 6 2 5)
(2 8 9 1 3)

Here's the same image mutated randomly 5 times
(6 0 4 0 6)
(4 5 5 6 5)
(0 2 6 2 1)
(5 3 6 2 5)
(8 8 6 1 3)

Here's the same image mutated randomly 3 times
(6 2 4 0 6)
(4 5 5 6 5)
(9 2 6 2 1)
(5 3 6 2 5)
(8 8 6 1 3)

Here's the same image mutated randomly 1 times
(6 2 4 0 6)
(4 5 5 6 5)
(9 9 6 2 1)
(5 3 6 2 5)
(8 8 6 1 3)

Demo3
Running Demo 3 (Crossover)

Here are 2 images
Image 1
(3 1 1 2 3)
(3 0 3 2 3)
(3 3 3 3 2)
(3 2 0 1 2)
(2 3 3 1 2)

Image 2
(0 1 0 2 0)
(0 2 1 0 1)
(0 3 2 1 3)
(3 2 0 2 3)
(0 3 2 1 3)

Here is the result of crossing the 2 images over
Image 1's largest cluster is at (0, 0)
(3 1 0 2 0)
(3 2 3 0 1)
(3 3 3 3 3)
(3 2 0 2 3)
(0 3 2 1 3)

Demo5
Running Demo 5 (Fitness Metric)

Here's an image
(0 2 3 1 3 2 0 3 3 3)
(2 1 2 0 1 3 3 1 0 1)
(0 0 3 0 2 3 0 3 3 3)
(2 3 0 1 1 3 1 0 3 0)
(3 0 0 2 1 1 3 2 2 1)
(0 2 1 2 0 0 2 1 0 3)
(2 2 2 0 3 1 2 2 2 3)
(2 3 3 3 2 1 0 1 2 2)
(2 2 3 0 2 2 1 2 1 1)
(0 1 1 2 2 3 2 3 3 0)

Its fitness is 0.0035476685

Here's another image
(0 0 0 1 5 5 1 2 0 1)
(2 5 5 4 5 1 4 1 1 4)
(0 5 5 1 3 0 0 5 0 2)
(1 3 0 0 2 5 3 2 0 4)
(4 5 0 2 5 0 0 3 0 1)
(4 2 1 2 5 3 5 1 0 4)
(4 2 0 0 2 1 1 3 4 1)
(3 1 2 5 4 2 3 1 1 5)
(2 2 5 5 3 2 5 4 4 3)
(5 4 2 5 3 4 2 0 5 5)

Its fitness is 0.0020065308

Here's another image
(2 3 3 3 3 6 5 6 4 3)
(5 7 6 7 2 6 0 1 6 2)
(1 6 2 5 7 5 7 6 4 3)
(6 5 3 0 1 3 7 0 7 7)
(5 3 4 2 5 6 7 4 5 0)
(2 5 6 5 6 5 4 6 4 4)
(2 7 5 3 4 0 3 0 4 4)
(5 6 6 5 7 3 4 6 7 1)
(2 0 2 5 2 6 5 3 1 1)
(5 0 1 4 7 6 5 1 0 4)

Its fitness is 0.0018157959

Demo7
Running Demo 7 (Population)

Here's a population of 5 images
(7 2 5 2 7)
(9 6 5 3 8)
(0 8 3 8 4)
(8 5 8 8 2)
(1 5 9 9 6)


(3 2 6 9 8)
(4 3 9 9 0)
(2 7 7 4 0)
(9 2 6 8 1)
(3 3 3 3 7)


(3 5 6 4 1)
(3 7 4 3 0)
(2 2 3 4 0)
(4 4 9 7 2)
(4 5 3 6 3)


(1 4 2 5 4)
(2 3 8 8 1)
(4 1 6 0 9)
(5 2 9 2 1)
(8 2 3 0 1)


(9 5 4 3 7)
(8 7 3 1 5)
(1 2 5 6 1)
(6 4 2 4 4)
(7 0 5 2 6)



Here's the fittest image
(3 2 6 9 8)
(4 3 9 9 0)
(2 7 7 4 0)
(9 2 6 8 1)
(3 3 3 3 7)


Here's a sample of size 2 of the population
(3 2 6 9 8)
(4 3 9 9 0)
(2 7 7 4 0)
(9 2 6 8 1)
(3 3 3 3 7)

Fitness = 5.1116943E-4
(3 2 6 9 8)
(4 3 9 9 0)
(2 7 7 4 0)
(9 2 6 8 1)
(3 3 3 3 7)

Fitness = 5.1116943E-4
The fittest image from the sample is
(3 2 6 9 8)
(4 3 9 9 0)
(2 7 7 4 0)
(9 2 6 8 1)
(3 3 3 3 7)


Here's another sample of size 2 of the population
(3 5 6 4 1)
(3 7 4 3 0)
(2 2 3 4 0)
(4 4 9 7 2)
(4 5 3 6 3)

Fitness = 4.348755E-4
(1 4 2 5 4)
(2 3 8 8 1)
(4 1 6 0 9)
(5 2 9 2 1)
(8 2 3 0 1)

Fitness = 4.043579E-4
The fittest image from the sample is
(3 5 6 4 1)
(3 7 4 3 0)
(2 2 3 4 0)
(4 4 9 7 2)
(4 5 3 6 3)


Here are some selections from the population
(1 4 2 5 4)
(2 3 8 8 1)
(4 1 6 0 9)
(5 2 9 2 1)
(8 2 3 0 1)


(3 2 6 9 8)
(4 3 9 9 0)
(2 7 7 4 0)
(9 2 6 8 1)
(3 3 3 3 7)


(1 4 2 5 4)
(2 3 8 8 1)
(4 1 6 0 9)
(5 2 9 2 1)
(8 2 3 0 1)

Demo8
Here's a display of the "maybe mutate" method
(3 2 1 4 4)
(3 2 0 1 1)
(0 3 0 2 3)
(4 4 1 0 4)
(3 0 2 1 2)


(4 4 4 3 4)
(3 2 4 1 1)
(1 3 0 2 3)
(0 2 2 4 4)
(3 0 2 1 2)

^^ Mutated ^^

(4 4 4 3 4)
(3 2 4 1 1)
(1 3 0 2 3)
(0 2 2 4 4)
(3 0 2 1 2)


(2 0 4 1 4)
(2 3 4 1 1)
(1 0 3 2 3)
(0 2 2 4 4)
(4 4 2 1 2)

^^ Mutated ^^

(2 0 4 1 4)
(2 3 4 1 1)
(1 0 3 2 3)
(0 2 2 4 4)
(4 4 2 1 2)


(2 0 4 1 4)
(2 3 4 1 1)
(1 0 3 2 3)
(0 2 2 4 4)
(4 4 2 1 2)


(2 0 4 1 4)
(2 3 4 1 1)
(1 0 3 2 3)
(0 2 2 4 4)
(4 4 2 1 2)


(2 0 1 1 3)
(2 3 3 1 1)
(1 0 1 2 3)
(0 2 2 4 4)
(4 4 2 1 2)

^^ Mutated ^^

(2 0 1 1 3)
(2 3 3 1 1)
(1 0 1 2 3)
(0 2 2 4 4)
(4 4 2 1 2)


(2 0 1 1 3)
(2 3 3 1 1)
(1 0 1 2 3)
(0 2 2 4 4)
(4 4 2 1 2)


(2 0 1 1 3)
(2 3 3 1 1)
(1 0 1 2 3)
(0 2 2 4 4)
(4 4 2 1 2)

Genetic Algorithm (not verbose)
Average fitness (gen 0): 0.0056752013
Average fitness (gen 1): 0.010545807
Average fitness (gen 2): 0.10319275
Average fitness (gen 3): 1.0175405
Average fitness (gen 4): 8.877548
Average fitness (gen 5): 34.07488
Average fitness (gen 6): 267.7663
Average fitness (gen 7): 2005.2704
Average fitness (gen 8): 10033.689
Average fitness (gen 9): 23952.154
Average fitness (gen 10): 75430.46
Highest fitness: 262656.0
(0 3 4 3 0 2 6 5 5 1 4 6 5 7 6 6)
(5 3 3 3 3 0 6 6 1 2 1 0 7 2 6 6)
(5 2 3 3 3 3 5 3 3 5 1 2 7 6 3 6)
(3 2 3 3 3 3 3 3 2 5 0 6 6 6 6 6)
(7 3 3 3 3 3 2 5 5 3 5 5 6 6 1 6)
(0 4 4 3 4 3 3 4 7 6 6 6 6 5 2 4)
(6 2 3 3 5 3 2 0 5 1 6 6 6 6 6 0)
(4 0 3 3 3 3 0 6 3 1 6 6 6 2 3 2)
(1 4 6 3 1 3 6 1 2 6 4 7 2 4 4 0)
(6 5 1 6 3 2 3 6 5 7 6 6 6 3 4 2)
(3 1 1 4 3 6 2 5 6 1 4 0 0 4 7 6)
(2 6 4 3 1 3 3 6 1 1 4 7 1 6 4 1)
(7 6 4 6 3 4 4 4 2 0 0 4 6 1 7 4)
(7 7 5 1 1 4 7 7 6 6 4 2 1 4 2 3)
(4 6 5 1 5 4 2 1 7 1 2 7 5 0 5 3)
(1 6 3 3 2 5 7 0 7 3 5 1 2 5 7 3)

Genetic Algorithm (verbose)
Average fitness (gen 0): 0.0054594423
Fittest image:
(1 6 0 3 1 1 6 7 4 5 0 5 6 7 1 7)
(1 6 7 2 1 6 4 1 6 7 0 0 5 4 5 2)
(7 4 1 5 0 4 0 0 2 4 7 4 0 5 2 0)
(3 1 7 3 0 3 1 6 0 3 6 7 7 4 1 7)
(5 5 0 4 0 3 7 1 0 5 3 1 2 7 0 0)
(6 7 4 2 1 3 2 1 3 2 0 4 1 6 1 2)
(5 0 4 3 1 4 2 0 0 1 4 6 5 2 3 7)
(2 0 6 0 2 6 0 4 7 3 7 7 5 3 6 4)
(5 7 4 1 3 0 3 6 0 0 1 1 1 1 2 4)
(6 4 5 5 4 3 2 5 3 7 3 2 1 3 0 5)
(5 0 1 5 5 7 0 2 1 1 3 3 5 3 7 0)
(3 2 0 0 7 3 2 5 1 6 3 3 6 6 6 5)
(7 3 2 0 0 0 1 5 3 6 2 3 3 7 7 3)
(1 3 0 3 2 6 6 4 7 0 0 3 4 4 2 3)
(1 2 1 1 4 5 0 7 5 5 6 3 1 6 5 5)
(7 7 5 4 6 4 7 1 5 4 2 2 2 4 2 0)

Average fitness (gen 1): 0.034544982
Fittest image:
(6 1 4 5 4 2 0 6 5 5 0 2 4 3 7 5)
(4 1 3 4 4 7 7 0 7 5 0 6 4 0 3 6)
(4 7 6 6 3 5 2 0 3 2 0 1 7 2 0 3)
(0 4 3 4 5 4 3 5 1 1 6 4 6 2 7 3)
(3 0 4 3 5 0 1 0 1 3 3 7 1 3 6 3)
(3 2 0 4 4 4 3 1 4 0 2 1 1 3 7 6)
(2 3 0 5 4 5 4 7 1 0 4 3 4 7 1 4)
(7 2 5 4 4 6 2 3 0 2 7 5 4 0 4 0)
(2 1 0 2 4 1 5 5 1 6 1 6 0 6 0 0)
(3 6 1 6 4 4 4 1 4 6 3 1 0 0 6 1)
(2 2 5 6 4 4 2 2 2 0 3 0 7 7 5 4)
(7 5 4 2 4 4 4 4 2 5 3 1 5 3 4 0)
(1 6 6 1 3 1 3 5 4 4 2 1 2 3 1 7)
(0 6 4 4 5 7 0 3 0 7 0 1 3 0 0 7)
(6 4 5 4 7 5 2 5 6 3 6 0 0 0 3 1)
(5 1 1 5 1 0 7 1 7 3 2 0 1 1 0 4)

Average fitness (gen 2): 0.46104828
Fittest image:
(5 6 0 3 1 6 7 5 4 0 0 5 6 7 1 7)
(1 6 7 7 7 7 7 1 6 7 0 0 5 4 5 2)
(7 4 1 5 7 4 0 2 2 4 7 4 0 5 2 0)
(3 1 7 7 7 3 1 6 0 3 6 7 7 4 1 7)
(5 5 0 4 7 3 7 1 1 5 3 1 2 7 0 0)
(6 7 4 2 1 3 2 1 3 4 0 4 1 6 1 2)
(5 0 5 4 1 4 2 0 0 1 4 6 5 6 3 7)
(2 0 6 0 2 6 0 1 7 3 7 7 5 3 6 4)
(5 7 7 1 6 0 7 6 0 0 1 1 1 1 2 4)
(6 4 5 5 4 3 2 5 3 3 3 2 1 3 0 5)
(5 0 1 4 5 7 0 2 3 3 3 3 3 3 7 0)
(3 2 0 0 7 3 6 5 1 6 3 3 6 6 6 5)
(7 0 2 0 6 0 1 5 3 6 7 3 3 7 7 3)
(1 3 0 3 2 6 6 4 7 0 0 3 3 4 2 3)
(1 2 1 1 4 5 0 7 5 5 6 3 1 2 0 5)
(7 7 5 3 6 4 7 1 5 4 2 3 2 4 2 4)

Average fitness (gen 3): 14.144908
Fittest image:
(4 6 0 6 2 0 3 5 2 4 5 7 3 6 7 4)
(3 5 7 4 2 5 6 6 3 5 4 1 0 2 2 7)
(0 7 0 5 0 2 1 5 6 1 2 4 2 2 6 4)
(3 6 5 4 6 0 0 1 4 7 7 6 0 5 4 6)
(4 1 5 3 5 6 5 3 3 0 4 7 2 1 2 2)
(4 2 0 0 5 6 0 3 5 4 7 1 1 0 2 3)
(2 2 6 0 4 6 7 0 0 2 2 2 3 4 3 6)
(6 1 0 4 4 6 3 3 1 3 4 2 2 3 5 3)
(0 6 5 3 4 0 5 4 7 2 6 3 5 0 0 2)
(0 2 4 6 4 2 4 2 3 3 3 3 4 3 5 2)
(6 5 7 5 4 4 0 6 3 3 3 3 3 3 3 6)
(3 7 6 0 4 0 1 0 4 2 3 3 7 3 2 0)
(6 7 7 6 7 4 0 0 5 1 3 3 3 3 2 5)
(7 6 4 0 6 1 5 5 0 2 0 3 3 6 3 4)
(6 3 0 6 7 6 4 0 6 6 2 3 7 7 5 5)
(3 7 6 7 0 4 2 0 5 5 0 3 7 4 1 7)

Average fitness (gen 4): 427.23355
Fittest image:
(6 1 4 5 4 2 2 4 5 5 0 2 4 4 7 5)
(4 1 3 7 4 7 7 0 7 5 0 6 3 0 3 6)
(4 7 2 6 3 5 2 2 2 2 0 1 7 2 0 3)
(0 2 3 4 5 4 3 5 6 1 6 1 6 2 6 3)
(3 0 4 3 5 0 1 0 1 3 2 7 1 1 6 3)
(3 2 0 4 4 4 3 1 4 0 2 1 1 3 7 6)
(2 3 0 5 4 5 4 2 1 0 4 3 4 7 1 4)
(7 2 5 4 4 6 4 0 1 3 7 5 4 0 4 2)
(2 1 0 2 4 1 5 5 1 6 3 3 0 6 2 0)
(3 6 1 6 4 4 2 5 0 3 3 3 3 3 6 1)
(2 2 5 4 4 1 6 4 3 3 3 3 3 3 5 4)
(7 5 4 5 4 4 4 4 2 5 3 3 3 3 3 0)
(1 6 1 1 3 4 3 5 4 4 3 3 3 3 1 7)
(0 6 1 4 5 2 0 3 4 7 0 3 3 5 0 7)
(2 4 5 4 7 5 5 5 6 3 3 3 0 0 3 1)
(5 1 1 5 1 3 7 1 7 3 2 3 3 1 0 4)

Average fitness (gen 5): 14837.2295
Fittest image:
(1 5 6 3 3 7 1 1 2 3 6 4 4 4 4 6)
(6 3 4 3 3 2 5 1 2 3 4 6 5 1 5 7)
(2 7 5 1 3 7 7 4 4 5 1 7 6 6 0 3)
(4 2 0 3 3 3 5 0 2 3 6 0 3 3 4 0)
(5 4 7 5 3 3 1 1 7 3 1 1 4 4 2 7)
(3 4 1 0 3 3 2 1 7 5 4 1 1 2 0 7)
(0 7 7 2 0 6 1 4 2 3 6 1 0 4 0 5)
(2 1 7 6 7 6 4 6 5 3 7 1 1 3 5 5)
(4 5 2 1 6 6 5 5 6 5 3 3 3 6 4 3)
(3 0 2 3 5 7 3 3 3 3 3 3 3 3 7 2)
(1 2 4 0 4 1 6 6 3 3 3 3 3 3 3 3)
(4 3 1 3 3 3 6 7 1 6 3 3 3 3 2 6)
(6 2 1 0 3 7 4 4 1 0 3 3 3 3 1 7)
(6 0 5 7 3 2 6 1 4 4 4 3 3 7 1 0)
(4 4 4 6 3 7 6 3 7 6 0 3 4 7 3 0)
(1 7 6 6 7 4 3 3 6 4 3 3 3 3 5 1)

Average fitness (gen 6): 175319.48
Fittest image:
(1 5 6 3 3 7 1 1 2 3 6 4 4 4 4 6)
(6 3 4 3 3 2 5 1 2 3 4 6 5 1 5 7)
(2 7 5 1 3 7 7 4 4 5 1 7 6 6 0 3)
(4 2 0 3 3 3 5 0 2 3 6 0 3 3 4 0)
(5 4 7 5 3 3 1 1 7 3 1 1 4 4 2 7)
(3 4 1 0 3 3 2 1 7 5 4 1 1 2 0 7)
(0 7 7 2 0 6 1 4 2 3 6 1 0 4 0 5)
(2 1 7 6 7 6 4 6 5 3 7 1 1 3 5 5)
(4 5 2 1 6 6 5 5 6 5 3 3 3 6 4 3)
(3 0 2 3 5 7 3 3 3 3 3 3 3 3 7 2)
(1 2 4 0 4 1 6 6 3 3 3 3 3 3 3 3)
(4 3 1 3 3 3 6 7 1 6 3 3 3 3 2 6)
(6 2 1 0 3 7 4 4 1 0 3 3 3 3 1 7)
(6 0 5 7 3 2 6 1 4 4 4 3 3 7 1 0)
(4 4 4 6 3 7 6 3 7 3 3 3 4 7 3 0)
(1 7 6 6 7 4 3 3 6 3 3 3 3 3 5 1)

Average fitness (gen 7): 2481551.8
Fittest image:
(1 5 6 3 3 7 1 1 2 3 6 4 4 4 4 6)
(6 3 4 3 3 2 5 1 2 3 4 6 5 1 5 7)
(2 7 5 1 3 7 7 4 4 5 1 7 6 6 0 3)
(4 2 0 3 3 3 5 0 2 3 6 0 3 3 4 0)
(5 4 7 5 3 3 1 1 7 3 1 1 4 4 2 7)
(3 4 1 0 3 3 2 1 7 5 4 1 1 2 0 7)
(0 7 7 2 0 6 1 4 2 3 6 1 0 4 0 5)
(2 1 7 6 7 6 4 6 5 3 7 1 1 3 5 5)
(4 5 2 1 6 6 5 5 6 5 3 3 3 6 4 3)
(3 0 2 3 5 7 3 3 3 3 3 3 3 3 7 2)
(1 2 4 0 4 1 6 6 3 3 3 3 3 3 3 3)
(4 3 1 3 3 3 6 7 1 6 3 3 3 3 3 6)
(6 2 1 0 3 7 4 4 1 3 3 3 3 3 1 7)
(6 0 5 7 3 2 6 1 4 4 4 3 3 7 1 0)
(4 4 4 6 3 7 6 3 3 3 3 3 4 7 3 0)
(1 7 6 6 7 4 3 3 6 3 3 3 3 3 5 1)

Average fitness (gen 8): 2.9533308E7
Fittest image:
(1 5 6 2 3 7 1 1 2 3 6 4 4 4 4 6)
(6 3 4 3 3 2 5 1 2 3 4 6 5 1 5 7)
(2 7 5 1 3 7 7 4 4 5 1 7 6 6 0 3)
(4 3 0 3 3 3 5 0 2 3 6 0 3 3 4 0)
(5 4 7 5 3 3 1 1 7 3 1 1 4 4 2 7)
(3 4 1 0 3 3 2 1 7 5 4 1 1 2 0 7)
(0 7 7 2 0 3 1 4 2 3 5 1 0 4 0 5)
(2 1 7 5 7 6 4 6 5 3 2 1 1 6 5 5)
(4 5 2 1 6 6 5 5 6 5 3 3 3 6 4 3)
(3 0 2 3 5 7 3 3 3 3 3 3 3 3 7 2)
(1 2 4 0 4 1 6 6 3 3 3 3 3 3 3 3)
(4 3 1 3 3 3 6 7 1 6 3 3 3 3 3 6)
(6 2 5 0 3 1 4 4 1 3 3 3 3 3 5 7)
(6 0 5 7 3 2 6 1 4 7 4 3 3 7 1 0)
(4 4 4 6 3 7 6 3 3 3 3 3 4 7 3 0)
(1 5 6 6 7 4 3 3 6 3 3 3 3 3 3 1)

Average fitness (gen 9): 5.00931E8
Fittest image:
(0 6 0 6 2 5 3 2 2 5 5 7 3 6 7 4)
(3 5 3 4 2 5 6 1 5 1 4 1 0 2 2 7)
(4 7 0 5 3 2 1 5 6 7 2 4 2 2 6 4)
(6 6 5 4 6 0 0 1 5 7 7 6 0 5 4 6)
(4 1 2 3 5 6 3 3 3 0 4 3 2 1 7 2)
(4 5 0 0 5 6 5 3 5 4 4 1 7 0 2 3)
(2 2 1 0 4 6 7 7 0 2 2 2 3 4 3 6)
(6 1 0 4 4 6 3 3 1 3 4 2 2 3 5 3)
(0 6 5 3 3 0 5 3 0 2 3 3 3 0 5 6)
(0 2 4 6 4 2 3 3 3 3 3 3 3 3 5 2)
(6 5 5 5 7 4 2 6 3 3 3 3 3 3 3 3)
(1 7 6 0 4 0 1 1 4 2 3 3 3 3 3 0)
(0 2 7 6 7 4 0 0 5 3 3 3 3 3 2 5)
(7 0 4 4 6 1 5 3 0 2 0 3 3 6 3 4)
(6 3 0 5 0 6 4 3 3 3 3 3 7 7 3 5)
(3 7 6 7 0 0 3 3 5 3 3 3 3 3 3 7)

Average fitness (gen 10): 3.901919E9
Fittest image:
(6 1 4 5 4 2 2 4 5 5 0 2 4 3 7 5)
(4 1 3 7 5 7 7 0 7 5 1 6 3 0 3 6)
(4 7 2 6 3 5 2 2 2 2 0 1 7 2 0 3)
(0 2 4 4 5 4 3 6 6 1 5 1 6 1 6 3)
(3 0 4 3 5 0 1 0 1 2 2 7 1 1 6 3)
(3 2 0 4 4 4 3 1 4 0 2 1 1 3 7 6)
(2 0 0 5 4 5 4 2 1 7 6 3 4 7 1 4)
(7 7 5 4 4 6 3 3 1 3 7 5 4 0 4 2)
(2 1 0 2 4 1 5 3 1 6 3 3 3 6 2 0)
(3 6 1 6 4 4 3 3 3 3 3 3 3 3 6 1)
(2 2 5 4 4 1 6 1 3 3 3 3 3 3 3 3)
(7 5 4 5 4 4 4 4 2 5 3 3 3 3 3 0)
(1 6 1 1 3 4 7 5 4 3 3 3 3 3 1 7)
(0 6 1 4 5 2 0 3 4 7 0 3 3 5 3 7)
(2 4 5 4 4 5 5 3 3 3 3 3 0 0 3 1)
(5 1 1 5 1 3 3 3 7 3 3 3 3 3 3 4)

Highest fitness: 1.717987E10
(6 1 4 5 4 2 2 4 5 5 0 2 4 3 7 5)
(4 1 3 7 5 7 7 0 7 5 1 6 3 0 3 6)
(4 7 2 6 3 5 2 2 2 2 0 1 7 2 0 3)
(0 2 4 4 5 4 3 6 6 1 5 1 6 1 6 3)
(3 0 4 3 5 0 1 0 1 2 2 7 1 1 6 3)
(3 2 0 4 4 4 3 1 4 0 2 1 1 3 7 6)
(2 0 0 5 4 5 4 2 1 7 6 3 4 7 1 4)
(7 7 5 4 4 6 3 3 1 3 7 5 4 0 4 2)
(2 1 0 2 4 1 5 3 1 6 3 3 3 6 2 0)
(3 6 1 6 4 4 3 3 3 3 3 3 3 3 6 1)
(2 2 5 4 4 1 6 1 3 3 3 3 3 3 3 3)
(7 5 4 5 4 4 4 4 2 5 3 3 3 3 3 0)
(1 6 1 1 3 4 7 5 4 3 3 3 3 3 1 7)
(0 6 1 4 5 2 0 3 4 7 0 3 3 5 3 7)
(2 4 5 4 4 5 5 3 3 3 3 3 0 0 3 1)
(5 1 1 5 1 3 3 3 7 3 3 3 3 3 3 4)